20
10 Fluaps
0 5023.06 7376 0 
1 23623.4 25508 2 Endor
2 20274.6 9573 1 
3 14734.3 16641 3 
4 31393.3 28704 3 
5 2172.25 9010 1 
6 26331.3 6439 3 
7 29744.6 18819 3 
8 13931.2 2695 2 
9 2663.15 21003 1 
6 Usla
0 18467 6334 0 Steel World
1 5849.15 3557 3 
2 26954.5 12392 1 
3 24717.3 24129 1 
4 22957.4 9496 1 
5 16836 9961 3 
15 Boog
0 24470 5705 0 
1 31332.5 4098 2 Steel World
2 2775.14 24272 3 
3 5030.14 18875 1 
4 24452.1 10291 2 
5 27935.3 30877 1 
6 21467.4 11247 2 
7 8894.38 13985 1 
8 17338.3 29565 3 
9 4318.22 30527 1 
10 168.015 292 2 
11 10098.5 22336 1 
12 29908.3 10112 1 
13 7982.36 20913 3 
14 4839.01 5436 3 Jakku
11 Ozleil
0 23838 31322 0 
1 5439.39 4681 3 
2 14807.4 3527 3 
3 29228.6 9970 1 
4 25734.4 2088 3 
5 9370.36 22171 1 
6 24854.3 3737 1 
7 2910.3 2483 3 
8 21513.4 24472 2 Endor
9 21826.4 25620 1 
10 30194.2 13061 1 Dagobah
15 Doos
0 8521.26 6202 0 
1 22693 27446 0 
2 1563.15 21881 2 
3 13101.6 17469 2 
4 10429.4 18786 2 
5 6753.28 5108 1 Endor
6 29910.5 8405 2 
7 26352.2 29510 1 
8 23388.2 20222 1 
9 1462.59 1364 2 
10 24063.5 12290 1 
11 32729.1 14989 2 
12 30455.3 21763 3 Steel World
13 15579.5 16215 3 
14 9999.07 13977 2 
5 Qigdauh
0 24341.2 10285 0 
1 19689.3 19314 3 
2 22454.5 1071 1 
3 25882.3 5629 3 
4 3318.22 8480 1 
10 Ugecteut
0 31152.1 24393 0 
1 18914.5 13037 1 
2 29158.5 29087 1 
3 28779.2 23757 3 
4 21715.5 7462 1 
5 20116.4 1650 2 
6 15584.4 7038 1 
7 6516.5 11662 1 
8 9257.54 26946 2 
9 5093.07 28745 1 
7 Rojaif
0 23985.5 1012 0 
1 26323 17035 0 
2 8591.23 22413 2 
3 6812.35 29541 1 
4 27843.1 10383 1 
5 32961.4 503 1 
6 30278.1 18007 1 
13 Odicceob
0 30148 9040 0 
1 25326.1 13458 2 
2 29635.4 21080 2 
3 22594.1 17807 1 
4 4981.31 12938 3 
5 23304.1 19668 1 
6 27940.6 26031 2 
7 13557.2 9789 3 Pandora
8 16462.2 12455 2 Endor
9 20325.4 3359 1 
10 29018.3 19090 1 
11 14385.5 26816 2 
12 17004.1 32439 2 
15 Kioyeft
0 15727 11478 0 
1 25396.5 28869 2 
2 8992.57 5565 1 
3 15343.4 3561 1 
4 7609.17 9512 1 
5 13175.5 5938 1 
6 24117.3 20608 3 
7 19696.6 2505 1 
8 26199.6 30195 2 
9 4325.45 20259 2 
10 22723.2 17437 2 
11 16607.1 4833 3 
12 32818.4 6705 2 
13 20141.2 31329 3 
14 12677.1 24084 2 
12 Itrih
0 6777.05 24370 0 
1 1454.55 9464 1 
2 2200.48 21363 2 
3 14739.3 22428 1 
4 19108.3 14485 1 
5 2191.58 2609 1 
6 16509.1 29168 1 
7 24952.5 24774 2 
8 1938.31 31934 1 
9 11368.2 10466 1 
10 1347.33 14932 3 
11 17025.1 21724 2 
7 Fluaf
0 11559 1869 0 
1 6675.26 25547 1 
2 25727.2 1018 2 
3 5307.5 12268 2 
4 23050.3 20175 3 
5 18653.4 17841 1 
6 10406.2 3625 1 
8 Kror
0 23754.1 18538 0 
1 30430.5 28689 1 
2 24356.4 30838 2 
3 22593.3 29855 1 
4 26175.4 5601 1 
5 370.228 17222 2 Steel World
6 1116.37 25205 3 Dagobah
7 17730.2 27593 1 
15 Voosh
0 4694.03 15141 0 
1 21845.4 13452 1 Dagobah
2 14466.1 30523 3 Dagobah
3 4675.2 28022 2 
4 31118.4 2220 2 
5 23480.6 10910 1 
6 16982.4 16036 2 
7 29219.6 8194 2 
8 10367.3 9313 3 
9 19228.3 17578 1 
10 16553.4 31196 3 
11 16310.2 12423 3 
12 9628.11 14309 1 
13 5172.49 30080 1 
14 6901.03 25547 1 
10 Clauts
0 4112.08 12052 0 
1 3078.6 1012 1 
2 5874.32 1993 3 
3 25855.5 14708 3 
4 26735.4 14256 3 
5 20949.3 6077 3 
6 7563.59 26821 2 
7 12964.5 9961 3 
8 6954.3 16972 1 
9 26031.2 29334 2 
11 Feadsa
0 23026.1 19156 0 
1 32651.5 20825 1 
2 21917.4 28712 2 
3 21215.5 792 1 
4 31799.4 15264 3 
5 18400.5 29873 1 
6 23723.4 32726 3 
7 31371.2 20053 3 
8 31067.2 19711 3 
9 12067.5 475 3 
10 3474.18 20416 2 
4 Choohelt
0 22433.1 24767 0 
1 30476.2 12043 2 
2 28510.2 19558 2 
3 20854.2 5786 3 
4 Omiogdo
0 21601.1 16118 0 
1 17986.2 32270 3 
2 29625.3 23271 1 
3 15648.1 5097 1 
14 Flonucs
0 766.538 24520 0 
1 19913 5447 0 
2 28046.1 6900 3 
3 26939.5 27918 2 
4 674.339 8759 2 Dagobah
5 30347.4 20888 2 
6 12951.6 7636 2 
7 15410.1 19589 2 
8 21327.5 18352 1 
9 22594.3 22701 1 
10 24314.1 18190 1 
11 26542.2 17371 2 
12 24314.1 18588 2 
13 12355 3035 2 
8 Ipriarsof
0 8759.04 9741 0 
1 17581.5 25898 1 
2 31673.1 22798 3 
3 30677.5 29288 2 
4 12043.2 28070 3 
5 8471.51 24722 3 
6 31495.6 23552 2 
7 27723.1 20537 2 
